.Random.seed <-
c(403L, 36L, -1753298031L, -1458782784L, 348256158L, -975484567L, 
-1892152933L, -578216790L, 1868073676L, 2086622095L, -1419647035L, 
-1253872772L, 786248658L, -1193565363L, -866246137L, 307356142L, 
1027243208L, 614716363L, 1831401001L, -552862600L, 1208170918L, 
128752577L, 664180819L, -239415550L, -987309516L, 2073931703L, 
563457965L, 2062388420L, -2012135190L, -1259055275L, -913192721L, 
-1037959434L, 1029442080L, -673275933L, 955405441L, 613950192L, 
-702191218L, -425867527L, 254022795L, 1922120890L, -187590724L, 
736118015L, -435582891L, 24509292L, 1391907778L, 1314034717L, 
22201495L, -1705143810L, 1765011896L, 832781723L, 1275642873L, 
-295064760L, -1856264586L, -1405755471L, 1237156323L, 2095056562L, 
323123972L, 902154311L, 1394564893L, -692566636L, 1224673594L, 
-1698048635L, 828456543L, -1881372442L, 1868696432L, -991794029L, 
-1639515855L, 442294240L, -1967692674L, 1947772681L, 216009019L, 
-370889462L, -2026666772L, -753299089L, 248108709L, -368670628L, 
-638156750L, 1156405037L, 1252570599L, 1664166158L, -1822667032L, 
1587626219L, 677986697L, 1745936664L, -150809530L, 1979538593L, 
-180378829L, -112743774L, 1074651540L, -1402204137L, 1831282701L, 
-2109399772L, 602007818L, 1538097269L, -2141434929L, -1836524330L, 
757542016L, 1379136195L, 147856481L, -773350192L, 456699438L, 
881930201L, -1821880341L, 936814170L, -1519394788L, -2071470817L, 
1988877685L, -828273652L, -134083102L, -1340805443L, -859739849L, 
1841835486L, 1831609112L, 1260710523L, 1043564569L, -868073304L, 
178348630L, -982896943L, -2034549117L, -1243114222L, 46244004L, 
902119527L, 417755581L, -1780524236L, 307933338L, -1701357851L, 
360202367L, 285981190L, -1443011184L, -688334797L, -1771046959L, 
1012637056L, -2115129250L, 1032036265L, 1279125083L, -1616340374L, 
937977612L, -957869745L, 1663715845L, -1732544324L, 713388434L, 
-79730035L, -129664825L, 1119055278L, -542582776L, 2046782475L, 
-1526109975L, -484980808L, -645308314L, -867651327L, 1428547475L, 
1913935938L, 750399476L, -2054624777L, -410018323L, -276189564L, 
-874057558L, -1123647979L, 496673455L, -971007818L, 60552928L, 
1559218723L, -1557088959L, 491825200L, 976671310L, 781801145L, 
-2075282741L, 614531962L, 199545468L, 879003327L, -1584787563L, 
-329062484L, 1464317314L, -155215011L, -2102643113L, 1670866238L, 
584512888L, 118605403L, -2088103495L, 1229960200L, 1624321718L, 
1037524465L, -835611613L, -411136910L, -179728700L, -439654265L, 
1989667933L, -1824951724L, 101656698L, 1322101701L, -786219745L, 
272198822L, -247751120L, 1374971091L, -1347417359L, -1520682464L, 
-423985986L, 745597129L, -172713349L, 617099338L, -1531174740L, 
1635391407L, -1778736283L, -1146889956L, 823484786L, 837542381L, 
155911719L, 72296014L, 1897302696L, -216069973L, -342462007L, 
-2074288680L, -825701242L, -824921759L, -1888463629L, 1720302434L, 
-1883425324L, -587153193L, -1996737843L, 2046972516L, -1509332918L, 
-659137099L, 681140495L, 1634713110L, -861038400L, -1237012861L, 
345770657L, 434953360L, 39073646L, -238805726L, 1731987784L, 
548051980L, 115242076L, -1782446894L, 1588851712L, 236767060L, 
-865256984L, -258677766L, 887177936L, 1829113132L, 1443972340L, 
-802647150L, -922971040L, 1630525708L, -1053830432L, 141073762L, 
1129379496L, 1988984396L, -2027662468L, 231309106L, 476007024L, 
-1501720252L, -1661663272L, 1299223674L, -258676176L, -131762500L, 
1528498004L, -680978878L, 1416583072L, 1588323516L, 1570099664L, 
1487139170L, -1860055064L, -4729908L, 1201927932L, 1177474034L, 
-90018688L, -862607116L, -1211260792L, -1093643974L, -1752069296L, 
364073068L, -1991086956L, 32904530L, 1999821536L, 335355084L, 
-274955104L, 275826050L, 495809768L, -2128222996L, 1412057148L, 
1516350578L, -1495700368L, 576639524L, -580422088L, 1704133146L, 
597044432L, 624668220L, 1245341844L, 988624002L, 1885000640L, 
1628055868L, 1753714320L, -153357278L, -808189944L, -50264948L, 
-302384100L, 1156944018L, 456047744L, -917402604L, 234678056L, 
2111803450L, 570792144L, -1003380628L, -2003675468L, 1015594002L, 
-131599392L, -1263713332L, -1048598048L, 1583577122L, -1244623576L, 
-1845346036L, -761028036L, -295229198L, 1351527664L, 402407236L, 
1722506328L, 1154891322L, 1898658032L, 488867516L, -743407084L, 
-1150417726L, 1339660896L, 785383804L, -478487344L, 2025394210L, 
787354792L, 1824190860L, -595963460L, -2133930958L, -633565376L, 
-798602572L, 1017077064L, 1249744570L, 155847440L, -2054285076L, 
307285076L, -1120586990L, -140145248L, 121907148L, -797770912L, 
1810926786L, 1276113448L, 1969249708L, 26964796L, -640008334L, 
1666707248L, 1183271972L, -1618996680L, 1958287066L, 81453968L, 
1979916540L, 2079074708L, 1888480066L, -1371524608L, -1351846852L, 
1045203536L, -655469406L, -1277388984L, -699464180L, -1033173284L, 
1635016786L, 51896448L, 72303444L, 1642607592L, 233808634L, 1811697488L, 
407179308L, 687157620L, -681002350L, -2022952352L, -524874612L, 
-1640219296L, -1603862302L, 1722001576L, -1545264436L, 1610483196L, 
1369733042L, -1422917648L, 876477892L, 1075812696L, -290665094L, 
444018096L, -28247620L, 778021460L, 1416805826L, 1223793440L, 
1304050620L, -1875090352L, -1669175326L, -1377834136L, 1727379276L, 
-301262084L, -1731783950L, -117997312L, 1279435892L, -1489053176L, 
-2024074822L, 658954704L, 1222095852L, 849450900L, -327912238L, 
-1148399520L, 1003653452L, -519868640L, -145591678L, -506760728L, 
1685894124L, -914260420L, -1149787534L, 238724976L, -664207068L, 
1719815736L, 119487898L, 617600464L, 1712124348L, -1188074860L, 
-1171483006L, -1143883328L, -1179713732L, -1637579120L, -1988586718L, 
605122056L, -2027284724L, -1800921188L, -616478702L, -718187648L, 
-2133868780L, -1759930072L, -57063366L, 1107109840L, 1295147628L, 
-2123934668L, 1052040338L, -302660256L, 269971788L, 1850929632L, 
-765818974L, 895201192L, -352740212L, 1531681724L, -313876366L, 
-476032016L, -541061052L, 816256088L, -198715334L, -250982288L, 
-1067029956L, 767826708L, 1004744386L, -1498718496L, -1787145092L, 
482107600L, 1477637026L, -1967005144L, 1424096524L, 502310791L, 
522917329L, -903051434L, 1973736756L, 1476869189L, 1048159375L, 
-809717240L, -623088090L, 1826264787L, 592562229L, -832608366L, 
538253152L, 74011337L, -656099845L, -2038062644L, -1249081254L, 
-599444145L, 1119566873L, -498564562L, -1070743492L, -1499142739L, 
876074583L, 951003040L, -19495682L, -213461045L, -475995699L, 
1886106874L, 1087248184L, 633210081L, 197044115L, -1826505804L, 
524964034L, -1506736937L, -1067732703L, 1357895910L, 1401196004L, 
-2133612267L, -1477304001L, 1331883224L, -459889418L, 1145184003L, 
-144189371L, -1237944222L, -1515851824L, -1881393927L, 1857502763L, 
-346805860L, -2009908790L, -121931073L, 225037321L, 1161899294L, 
1595642060L, -726141795L, -240940761L, -1959759024L, -1624625682L, 
-1645618533L, 1675545853L, -237382678L, 1413694600L, -645645775L, 
84389027L, -1028091740L, 708706642L, 91602087L, -1786775311L, 
878555190L, -1239428908L, -375577499L, 242179695L, 292479144L, 
564981254L, -244609229L, 249080725L, 1094230002L, -665461696L, 
-112417367L, -1513763813L, 1187121644L, -2072129030L, -1673087441L, 
-463392199L, 2047880270L, -540912484L, 1358366221L, 1137732215L, 
-1753982336L, 1790169310L, -1500521557L, 1206908077L, -495032038L, 
-1275028008L, 991192641L, 136592627L, -637637868L, -342545758L, 
-1347451977L, 400138113L, -1694055034L, -1973884988L, 1783515893L, 
-1093165217L, 1497530808L, 220412054L, -644677981L, 1396383845L, 
198120834L, 808494832L, 863910553L, -1117995381L, -1172390020L, 
-97160790L, -1160226337L, 13709161L, -1868785794L, 899587948L, 
1658635197L, 674746503L, -527848336L, -2060384498L, -559539141L, 
1550398237L, -718685750L, 1216987880L, -1467382319L, -1774299197L, 
2017566916L, 1617051506L, 1046291015L, -344612335L, 1137281942L, 
-970842380L, -996757371L, 226506191L, -1476517688L, 1747200358L, 
-994088045L, 1698854133L, -1303411502L, 811275040L, 1944308489L, 
-1275425733L, 2063839628L, -1793669094L, 1815639183L, 911981529L, 
